         147          21          27           0         841         956
         147          21          27           1         799         969
         147          21          27           2         808         977
         147          20          26           0         866        1077
         147          20          26           1         845        1058
         147          19          25           0         902        1049
         147          19          25           1         869         983
         147          19          25           2         817         938
         147          18          24           0         813         941
         147          18          24           1         800         897
         147          18          24           2         866         969
         147          17          23           0         814         916
         147          17          23           1         855         949
         147          17          23           2         791         944
         147          16          22           0         881         983
         147          16          22           1         829         917
         147          16          22           2         792         903
         147          15          21           0         705         786
         147          15          21           1         796         964
         147          15          21           2         830         911
         147          14          20           0         816         933
         147          14          20           1         854         941
         147          14          20           2         850         940
         147          13          19           0         832         916
         147          13          19           1         852         952
         147          13          19           2         794         900
         147          10          18           0         790         911
         147          10          18           1        1005        1110
         147          10          18           2         802         887
         147           9          17           0         793         961
         147           9          17           1         850        1028
         147           9          17           2         852        1057
         147           8          16           0         853        1084
         147           8          16           1         738        1038
         147           8          16           2         763         977
         147           7          15           0         725        1046
         147           6          14           0         833        1044
         147           6          14           1         818        1079
         147           6          14           2         719        1009
         147           5          13           0         676         932
         147           5          13           1         727        1016
         147           4          12           0         796         907
         147           4          12           1         806         915
         147           4          12           2         730         846
         147           3          11           0         872        1027
         147           3          11           1         815         959
         147           3          11           2         708         874
         147           2          10           0         776         901
         147           2          10           1         735         850
         147           2          10           2         864        1016
         147          21           9           0         737         858
         147          21           9           1         770         900
         147          21           9           2         737         864
         147          20           8           0         874         989
         147          20           8           1         783         922
         147          20           8           2         768         901
         147          19           7           0         864        1000
         147          19           7           1         840         984
         147          19           7           2         780         909
         147          18           6           0         820         984
         147          18           6           1         789         941
         147          18           6           2         751         898
         147          17           5           0         816         968
         147          17           5           1         828         993
         147          17           5           2         749         898
         147          16           4           0         743         916
         147          16           4           1         814         999
         147          16           4           2         841        1053
         147          15           3           0         504         768
         147          15           3           1         731        1045
         147          15           3           2         511         871
         147          14           2           0         369        1262
         147          13           1           0         730        1032
         147          13           1           1         689        1152
         147          13           1           2         649        1119
         147          10           0           0         645        1074
         147          10           0           1         654        1144
         146           9          23           0         832         981
         146           9          23           1         811         937
         146           9          23           2         803         931
         146           8          22           0         829         948
         146           8          22           1         778         883
         146           8          22           2         818         928
         146           7          21           0         851         972
         146           7          21           1         738         845
         146           7          21           2         844         960
         146           6          20           0         868        1045
         146           6          20           1         767         884
         146           6          20           2         728         858
         146           5          19           0         810         923
         146           5          19           1         780         896
         146           5          19           2         849         975
         146           4          18           0         818         923
         146           4          18           1         864         964
         146           4          18           2         869         966
         146           3          17           0         869         981
         146           3          17           1         739         870
         146           3          17           2         809         947
         146           2          16           0         797         906
         146           2          16           1         777         908
         146           2          16           2         761         895
         146          19          15           0         799         966
         146          19          15           1         806         998
         146          19          15           2         914        1166
         146          18          14           0         681         985
         146          18          14           1         718        1008
         146          18          14           2         756        1052
         146          17          13           0         631        1039
         146          16          12           0         752         952
         146          16          12           1         664         951
         146          16          12           2         812        1099
         146          15          11           0         748        1029
         146          15          11           1         682        1044
         146          14          10           0         875         968
         146          14          10           1         785         891
         146          14          10           2         802         900
         146          13           9           0         771         859
         146          13           9           1         712         797
         146          13           9           2         859         945
         146          10           8           0         929        1061
         146          10           8           1         856         973
         146          10           8           2         866         990
         146           9           7           0         886        1007
         146           9           7           1         840         972
         146           9           7           2         766         879
         146           8           6           0         800         918
         146           8           6           1         791         891
         146           8           6           2         817         931
         146           7           5           0         816         925
         146           7           5           1         766         894
         146           7           5           2         820         923
         146           6           4           0         789         892
         146           6           4           1         777         877
         146           6           4           2         838         943
         146           5           3           0         832         943
         146           5           3           1         758         859
         146           5           3           2         859         991
         146           4           2           0         627         810
         146           4           2           1         753         897
         146           4           2           2         639         840
         146           3           1           0         864        1041
         146           3           1           1         829        1007
         146           3           1           2         773         965
         146           2           0           0         739        1005
